<?xml version="1.0" encoding="UTF-8" standalone="no"?>
<!DOCTYPE svg PUBLIC "-//W3C//DTD SVG 20010904//EN"
              "http://www.w3.org/TR/2001/REC-SVG-20010904/DTD/svg10.dtd">

<svg xmlns="http://www.w3.org/2000/svg"
     width="1.37778in" height="1.37778in"
     viewBox="0 0 124 124">
  <path id="path7504"
        fill="none" stroke="black" stroke-width="1"
        d="M 111.67,67.69
           C 109.08,68.96 108.33,72.26 106.71,74.50
             96.67,88.95 80.89,101.90 64.02,104.02
             61.67,104.66 57.77,104.10 57.17,107.22
             56.70,110.60 56.63,114.18 57.59,117.48
             59.23,120.02 62.65,118.53 65.06,118.32
             87.24,113.53 104.24,101.69 116.36,84.44
             118.10,81.87 120.18,79.40 121.13,76.41
             120.04,73.21 114.69,67.38 111.67,67.69
             111.67,67.69 111.67,67.69 111.67,67.69 Z
           M 91.38,13.14
           C 84.16,14.90 77.48,23.05 74.23,26.63
             68.44,26.74 62.08,26.54 56.34,26.67
             46.99,26.29 45.39,38.68 43.42,44.85
             43.42,44.85 16.61,44.85 16.61,44.85
             12.83,45.20 11.40,47.92 11.37,51.17
             12.61,63.55 20.65,85.82 33.60,86.42
             38.97,86.31 44.38,85.49 49.13,85.45
             52.72,90.11 54.24,97.96 60.93,96.91
             76.17,93.71 88.75,84.63 98.30,72.91
             102.12,68.15 103.81,65.29 105.35,60.70
             103.91,46.95 102.42,38.85 95.11,29.74
             94.97,25.88 95.07,21.76 95.02,18.42
             94.87,14.37 94.55,13.29 91.38,13.14
             91.38,13.14 91.38,13.14 91.38,13.14 Z" />
</svg>
