<?xml version="1.0" encoding="UTF-8" standalone="no"?>
<!DOCTYPE svg PUBLIC "-//W3C//DTD SVG 20010904//EN"
              "http://www.w3.org/TR/2001/REC-SVG-20010904/DTD/svg10.dtd">

<svg xmlns="http://www.w3.org/2000/svg"
     width="0.711111in" height="0.711111in"
     viewBox="0 0 64 64">
  <path id="path14"
        fill="none" stroke="black" stroke-width="1"
        d="M 51.00,8.00
           C 51.00,8.00 33.00,8.00 33.00,8.00
             33.00,8.00 31.00,8.00 31.00,8.00
             31.00,8.00 13.00,8.00 13.00,8.00
             10.24,8.00 8.00,10.24 8.00,13.00
             8.00,13.00 8.00,31.00 8.00,31.00
             8.00,31.00 8.00,33.00 8.00,33.00
             8.00,33.00 8.00,51.00 8.00,51.00
             8.00,53.76 10.24,56.00 13.00,56.00
             13.00,56.00 31.00,56.00 31.00,56.00
             31.00,56.00 33.00,56.00 33.00,56.00
             33.00,56.00 51.00,56.00 51.00,56.00
             53.76,56.00 56.00,53.76 56.00,51.00
             56.00,51.00 56.00,33.00 56.00,33.00
             56.00,33.00 56.00,31.00 56.00,31.00
             56.00,31.00 56.00,13.00 56.00,13.00
             56.00,10.24 53.76,8.00 51.00,8.00 Z
           M 10.00,13.00
           C 10.00,11.35 11.35,10.00 13.00,10.00
             13.00,10.00 31.00,10.00 31.00,10.00
             31.00,10.00 31.00,14.85 31.00,14.85
             30.36,14.62 29.69,14.50 29.00,14.50
             27.20,14.50 25.51,15.30 24.36,16.69
             23.21,18.09 22.76,19.92 23.12,21.72
             23.57,23.99 25.40,25.85 27.67,26.35
             28.81,26.60 29.95,26.53 31.00,26.15
             31.00,26.15 31.00,31.00 31.00,31.00
             31.00,31.00 25.00,31.00 25.00,31.00
             25.00,31.00 22.47,31.00 22.47,31.00
             22.47,31.00 23.68,32.60 23.68,32.60
             24.22,33.31 24.50,34.14 24.50,35.00
             24.50,36.20 23.96,37.33 23.04,38.09
             22.09,38.87 20.90,39.16 19.67,38.92
             18.17,38.62 16.93,37.40 16.60,35.89
             16.34,34.73 16.60,33.56 17.32,32.60
             17.32,32.60 18.53,31.00 18.53,31.00
             18.53,31.00 16.00,31.00 16.00,31.00
             16.00,31.00 10.00,31.00 10.00,31.00
             10.00,31.00 10.00,13.00 10.00,13.00 Z
           M 31.00,54.00
           C 31.00,54.00 13.00,54.00 13.00,54.00
             11.35,54.00 10.00,52.65 10.00,51.00
             10.00,51.00 10.00,33.00 10.00,33.00
             10.00,33.00 14.85,33.00 14.85,33.00
             14.47,34.05 14.39,35.19 14.65,36.33
             15.15,38.60 17.01,40.43 19.28,40.88
             19.68,40.96 20.09,41.00 20.49,41.00
             21.88,41.00 23.22,40.53 24.30,39.64
             25.70,38.49 26.50,36.80 26.50,35.00
             26.50,34.31 26.38,33.64 26.15,33.00
             26.15,33.00 31.00,33.00 31.00,33.00
             31.00,33.00 31.00,40.00 31.00,40.00
             31.00,40.00 31.00,41.53 31.00,41.53
             31.00,41.53 32.60,40.32 32.60,40.32
             33.56,39.60 34.73,39.34 35.89,39.60
             37.40,39.94 38.62,41.17 38.92,42.67
             39.16,43.90 38.87,45.09 38.09,46.04
             36.78,47.63 34.31,47.97 32.60,46.68
             32.60,46.68 31.00,45.47 31.00,45.47
             31.00,45.47 31.00,47.00 31.00,47.00
             31.00,47.00 31.00,54.00 31.00,54.00 Z
           M 54.00,51.00
           C 54.00,52.65 52.65,54.00 51.00,54.00
             51.00,54.00 33.00,54.00 33.00,54.00
             33.00,54.00 33.00,49.15 33.00,49.15
             33.64,49.38 34.31,49.50 35.00,49.50
             36.80,49.50 38.49,48.70 39.64,47.30
             40.79,45.91 41.24,44.08 40.88,42.28
             40.43,40.01 38.60,38.15 36.32,37.65
             35.19,37.40 34.05,37.47 33.00,37.85
             33.00,37.85 33.00,33.00 33.00,33.00
             33.00,33.00 39.00,33.00 39.00,33.00
             39.00,33.00 41.53,33.00 41.53,33.00
             41.53,33.00 40.32,31.40 40.32,31.40
             39.60,30.44 39.34,29.27 39.60,28.11
             39.93,26.60 41.17,25.38 42.67,25.08
             43.90,24.84 45.09,25.13 46.04,25.91
             46.97,26.67 47.50,27.80 47.50,29.00
             47.50,29.86 47.22,30.69 46.68,31.40
             46.68,31.40 45.47,33.00 45.47,33.00
             45.47,33.00 48.00,33.00 48.00,33.00
             48.00,33.00 54.00,33.00 54.00,33.00
             54.00,33.00 54.00,51.00 54.00,51.00 Z
           M 49.15,31.00
           C 49.38,30.36 49.50,29.69 49.50,29.00
             49.50,27.20 48.70,25.51 47.30,24.36
             45.91,23.21 44.08,22.76 42.28,23.12
             40.01,23.57 38.15,25.40 37.65,27.67
             37.40,28.81 37.47,29.95 37.85,31.00
             37.85,31.00 33.00,31.00 33.00,31.00
             33.00,31.00 33.00,24.00 33.00,24.00
             33.00,24.00 33.00,22.47 33.00,22.47
             33.00,22.47 31.40,23.68 31.40,23.68
             30.44,24.40 29.27,24.66 28.11,24.40
             26.60,24.06 25.38,22.83 25.08,21.33
             24.84,20.10 25.13,18.91 25.91,17.96
             27.21,16.37 29.69,16.03 31.40,17.32
             31.40,17.32 33.00,18.53 33.00,18.53
             33.00,18.53 33.00,16.00 33.00,16.00
             33.00,16.00 33.00,10.00 33.00,10.00
             33.00,10.00 51.00,10.00 51.00,10.00
             52.65,10.00 54.00,11.35 54.00,13.00
             54.00,13.00 54.00,31.00 54.00,31.00
             54.00,31.00 49.15,31.00 49.15,31.00 Z" />
</svg>
