<?xml version="1.0" encoding="UTF-8" standalone="no"?>
<!DOCTYPE svg PUBLIC "-//W3C//DTD SVG 20010904//EN"
              "http://www.w3.org/TR/2001/REC-SVG-20010904/DTD/svg10.dtd">

<svg xmlns="http://www.w3.org/2000/svg"
     width="0.266667in" height="0.266667in"
     viewBox="0 0 24 24">
  <path id="Chemin importé"
        fill="none" stroke="black" stroke-width="1"
        d="M 4.81,2.00
           C 3.21,2.00 2.00,3.42 2.00,5.00
             2.00,6.58 3.21,8.00 4.81,8.00
             4.81,8.00 5.00,8.00 5.00,8.00
             5.00,8.00 5.00,17.00 5.00,17.00
             5.00,19.90 6.83,22.00 9.00,22.00
             9.00,22.00 19.69,22.00 19.69,22.00
             20.47,22.00 21.07,21.52 21.44,20.97
             21.80,20.42 22.00,19.73 22.00,19.00
             22.00,18.27 21.80,17.58 21.44,17.03
             21.07,16.48 20.47,16.00 19.69,16.00
             19.69,16.00 18.00,16.00 18.00,16.00
             18.00,16.00 18.00,7.00 18.00,7.00
             18.00,4.10 16.17,2.00 14.00,2.00
             14.00,2.00 4.81,2.00 4.81,2.00 Z
           M 4.81,4.00
           C 4.81,4.00 11.22,4.00 11.22,4.00
             11.11,4.31 11.00,4.64 11.00,5.00
             11.00,5.36 11.11,5.69 11.22,6.00
             11.22,6.00 4.81,6.00 4.81,6.00
             4.41,6.00 4.00,5.62 4.00,5.00
             4.00,4.38 4.41,4.00 4.81,4.00 Z
           M 13.97,4.00
           C 13.97,4.00 13.98,4.00 13.98,4.00
             13.99,4.00 13.99,4.00 14.00,4.00
             14.83,4.00 16.00,4.90 16.00,7.00
             16.00,7.00 16.00,17.00 16.00,17.00
             16.00,18.15 16.23,19.17 16.66,20.00
             16.66,20.00 9.00,20.00 9.00,20.00
             8.17,20.00 7.00,19.10 7.00,17.00
             7.00,17.00 7.00,8.00 7.00,8.00
             7.00,8.00 14.00,8.00 14.00,8.00
             14.00,8.00 14.00,7.00 14.00,7.00
             14.00,7.00 14.00,6.00 14.00,6.00
             13.53,6.00 13.00,5.64 13.00,5.00
             13.00,4.37 13.51,4.02 13.97,4.00 Z
           M 9.00,10.00
           C 9.00,10.00 9.00,12.00 9.00,12.00
             9.00,12.00 14.00,12.00 14.00,12.00
             14.00,12.00 14.00,10.00 14.00,10.00
             14.00,10.00 9.00,10.00 9.00,10.00 Z
           M 9.00,14.00
           C 9.00,14.00 9.00,16.00 9.00,16.00
             9.00,16.00 14.00,16.00 14.00,16.00
             14.00,16.00 14.00,14.00 14.00,14.00
             14.00,14.00 9.00,14.00 9.00,14.00 Z
           M 18.09,18.00
           C 18.09,18.00 19.69,18.00 19.69,18.00
             19.71,18.01 19.73,18.05 19.78,18.12
             19.89,18.30 20.00,18.63 20.00,19.00
             20.00,19.37 19.89,19.70 19.78,19.88
             19.73,19.95 19.71,19.99 19.69,20.00
             19.27,20.00 18.93,19.82 18.59,19.34
             18.37,19.04 18.20,18.57 18.09,18.00 Z" />
</svg>
