<?xml version="1.0" encoding="UTF-8" standalone="no"?>
<!DOCTYPE svg PUBLIC "-//W3C//DTD SVG 20010904//EN"
              "http://www.w3.org/TR/2001/REC-SVG-20010904/DTD/svg10.dtd">

<svg xmlns="http://www.w3.org/2000/svg"
     width="0.133333in" height="0.133333in"
     viewBox="0 0 12 12">
  <path id="Chemin importé"
        fill="none" stroke="black" stroke-width="1"
        d="M 6.00,7.76
           C 6.48,7.76 6.90,7.59 7.24,7.24
             7.59,6.90 7.76,6.48 7.76,6.00
             7.76,5.52 7.59,5.10 7.24,4.76
             6.90,4.41 6.48,4.24 6.00,4.24
             5.52,4.24 5.10,4.41 4.76,4.76
             4.41,5.10 4.24,5.52 4.24,6.00
             4.24,6.48 4.41,6.90 4.76,7.24
             5.10,7.59 5.52,7.76 6.00,7.76
             6.00,7.76 6.00,7.76 6.00,7.76 Z
           M 9.73,6.49
           C 9.73,6.49 10.78,7.31 10.78,7.31
             10.89,7.39 10.91,7.50 10.83,7.64
             10.83,7.64 9.82,9.38 9.82,9.38
             9.76,9.48 9.66,9.52 9.52,9.47
             9.52,9.47 8.27,8.98 8.27,8.98
             7.95,9.21 7.66,9.38 7.43,9.47
             7.43,9.47 7.24,10.78 7.24,10.78
             7.21,10.92 7.13,10.99 7.01,10.99
             7.01,10.99 4.99,10.99 4.99,10.99
             4.87,10.99 4.79,10.92 4.76,10.78
             4.76,10.78 4.57,9.47 4.57,9.47
             4.27,9.34 3.99,9.18 3.73,8.98
             3.73,8.98 2.48,9.47 2.48,9.47
             2.34,9.52 2.24,9.48 2.18,9.38
             2.18,9.38 1.17,7.64 1.17,7.64
             1.09,7.50 1.11,7.39 1.22,7.31
             1.22,7.31 2.27,6.49 2.27,6.49
             2.26,6.38 2.25,6.22 2.25,6.00
             2.25,5.78 2.26,5.62 2.27,5.51
             2.27,5.51 1.22,4.69 1.22,4.69
             1.11,4.61 1.09,4.50 1.17,4.36
             1.17,4.36 2.18,2.62 2.18,2.62
             2.24,2.52 2.34,2.48 2.48,2.53
             2.48,2.53 3.73,3.02 3.73,3.02
             4.05,2.79 4.34,2.62 4.57,2.53
             4.57,2.53 4.76,1.22 4.76,1.22
             4.79,1.08 4.87,1.01 4.99,1.01
             4.99,1.01 7.01,1.01 7.01,1.01
             7.13,1.01 7.21,1.08 7.24,1.22
             7.24,1.22 7.43,2.53 7.43,2.53
             7.73,2.66 8.01,2.82 8.27,3.02
             8.27,3.02 9.52,2.53 9.52,2.53
             9.66,2.48 9.76,2.52 9.82,2.62
             9.82,2.62 10.83,4.36 10.83,4.36
             10.91,4.50 10.89,4.61 10.78,4.69
             10.78,4.69 9.73,5.51 9.73,5.51
             9.74,5.62 9.75,5.78 9.75,6.00
             9.75,6.22 9.74,6.38 9.73,6.49
             9.73,6.49 9.73,6.49 9.73,6.49 Z" />
</svg>
