<?xml version="1.0" encoding="UTF-8" standalone="no"?>
<!DOCTYPE svg PUBLIC "-//W3C//DTD SVG 20010904//EN"
              "http://www.w3.org/TR/2001/REC-SVG-20010904/DTD/svg10.dtd">

<svg xmlns="http://www.w3.org/2000/svg"
     width="0.177778in" height="0.177778in"
     viewBox="0 0 16 16">
  <path id="Chemin importé"
        fill="none" stroke="black" stroke-width="1"
        d="M 2.50,2.00
           C 1.68,2.00 1.00,2.68 1.00,3.50
             1.00,3.50 1.00,11.50 1.00,11.50
             1.00,12.32 1.68,13.00 2.50,13.00
             2.50,13.00 7.28,13.00 7.28,13.00
             7.90,14.74 9.55,16.00 11.50,16.00
             13.98,16.00 16.00,13.98 16.00,11.50
             16.00,10.44 15.62,9.48 15.00,8.71
             15.00,8.71 15.00,3.50 15.00,3.50
             15.00,2.68 14.32,2.00 13.50,2.00
             13.50,2.00 2.50,2.00 2.50,2.00 Z
           M 2.50,3.00
           C 2.50,3.00 13.50,3.00 13.50,3.00
             13.53,3.00 13.56,3.01 13.59,3.02
             13.59,3.02 8.00,6.89 8.00,6.89
             8.00,6.89 2.41,3.02 2.41,3.02
             2.44,3.01 2.47,3.00 2.50,3.00 Z
           M 2.00,3.95
           C 2.00,3.95 8.00,8.11 8.00,8.11
             8.00,8.11 14.00,3.96 14.00,3.96
             14.00,3.96 14.00,7.76 14.00,7.76
             13.28,7.28 12.42,7.00 11.50,7.00
             9.02,7.00 7.00,9.02 7.00,11.50
             7.00,11.67 7.03,11.83 7.05,12.00
             7.05,12.00 2.50,12.00 2.50,12.00
             2.22,12.00 2.00,11.78 2.00,11.50
             2.00,11.50 2.00,3.95 2.00,3.95 Z
           M 11.50,8.00
           C 13.44,8.00 15.00,9.56 15.00,11.50
             15.00,13.44 13.44,15.00 11.50,15.00
             9.56,15.00 8.00,13.44 8.00,11.50
             8.00,9.56 9.56,8.00 11.50,8.00 Z
           M 11.00,9.00
           C 11.00,9.00 11.00,11.00 11.00,11.00
             11.00,11.00 9.00,11.00 9.00,11.00
             9.00,11.00 9.00,12.00 9.00,12.00
             9.00,12.00 11.00,12.00 11.00,12.00
             11.00,12.00 11.00,14.00 11.00,14.00
             11.00,14.00 12.00,14.00 12.00,14.00
             12.00,14.00 12.00,12.00 12.00,12.00
             12.00,12.00 14.00,12.00 14.00,12.00
             14.00,12.00 14.00,11.00 14.00,11.00
             14.00,11.00 12.00,11.00 12.00,11.00
             12.00,11.00 12.00,9.00 12.00,9.00
             12.00,9.00 11.00,9.00 11.00,9.00 Z" />
</svg>
