<?xml version="1.0" encoding="UTF-8" standalone="no"?>
<!DOCTYPE svg PUBLIC "-//W3C//DTD SVG 20010904//EN"
              "http://www.w3.org/TR/2001/REC-SVG-20010904/DTD/svg10.dtd">

<svg xmlns="http://www.w3.org/2000/svg"
     width="0.177778in" height="0.177778in"
     viewBox="0 0 16 16">
  <path id="Chemin importé"
        fill="none" stroke="black" stroke-width="1"
        d="M 10.50,1.07
           C 10.45,1.09 10.02,1.28 9.51,1.48
             9.00,1.68 8.36,1.93 7.73,2.17
             7.10,2.41 6.48,2.64 5.98,2.84
             5.74,2.94 5.52,3.03 5.35,3.11
             5.18,3.19 5.09,3.21 4.93,3.35
             4.75,3.50 4.62,3.68 4.43,3.93
             4.24,4.18 4.03,4.50 3.83,4.81
             3.62,5.13 3.43,5.46 3.28,5.76
             3.13,6.05 3.00,6.26 3.00,6.62
             3.00,6.81 3.03,6.81 3.05,6.91
             3.08,7.01 3.11,7.12 3.16,7.26
             3.24,7.53 3.36,7.87 3.51,8.25
             3.78,8.95 4.12,9.72 4.48,10.34
             4.19,10.81 4.00,11.36 4.00,11.97
             4.00,13.63 5.36,15.00 7.00,15.00
             8.64,15.00 10.00,13.63 10.00,11.97
             10.00,11.24 9.72,10.54 9.26,10.01
             9.47,9.92 9.61,9.85 9.97,9.70
             10.53,9.45 11.21,9.09 11.83,8.45
             11.83,8.45 11.83,8.45 11.83,8.45
             12.50,7.72 12.76,6.68 13.05,5.74
             13.34,4.81 13.67,4.03 14.03,3.79
             14.03,3.79 13.47,2.96 13.47,2.96
             12.66,3.49 12.39,4.50 12.09,5.45
             11.80,6.40 11.50,7.33 11.10,7.76
             10.61,8.27 10.07,8.56 9.57,8.78
             9.08,8.99 8.63,9.09 8.24,9.40
             7.96,9.62 7.63,9.94 7.26,10.20
             6.89,10.46 6.51,10.63 6.22,10.63
             5.96,10.63 5.58,10.35 5.55,10.08
             5.55,10.08 5.55,10.08 5.55,10.07
             5.53,9.88 5.61,9.67 5.81,9.41
             6.00,9.16 6.31,8.90 6.63,8.68
             7.27,8.24 7.94,7.96 7.94,7.96
             8.07,7.91 8.18,7.80 8.22,7.66
             8.22,7.66 8.35,7.29 8.50,6.86
             8.66,6.42 8.85,5.91 8.95,5.72
             8.98,5.66 9.00,5.58 9.00,5.50
             9.00,5.22 8.78,5.00 8.50,5.00
             8.50,5.00 6.62,5.00 6.62,5.00
             6.40,5.00 6.20,5.15 6.14,5.36
             6.14,5.36 5.94,6.05 5.25,6.44
             5.10,6.53 5.00,6.69 5.00,6.88
             5.00,6.94 5.01,7.01 5.04,7.07
             5.04,7.07 5.18,7.41 5.33,7.78
             5.40,7.96 5.48,8.15 5.54,8.30
             5.54,8.31 5.54,8.31 5.55,8.32
             5.37,8.48 5.17,8.61 5.02,8.80
             4.98,8.85 4.94,8.92 4.90,8.98
             4.74,8.62 4.58,8.24 4.44,7.89
             4.30,7.53 4.19,7.20 4.11,6.95
             4.07,6.82 4.04,6.72 4.02,6.65
             4.01,6.63 4.01,6.62 4.01,6.60
             4.02,6.61 4.06,6.43 4.17,6.21
             4.30,5.96 4.48,5.65 4.67,5.35
             4.86,5.05 5.06,4.76 5.23,4.53
             5.41,4.29 5.58,4.10 5.57,4.11
             5.49,4.18 5.62,4.09 5.77,4.02
             5.91,3.95 6.12,3.87 6.36,3.77
             6.84,3.58 7.46,3.34 8.09,3.10
             8.72,2.86 9.35,2.62 9.88,2.42
             10.40,2.21 10.76,2.07 11.00,1.93
             11.00,1.93 10.50,1.07 10.50,1.07 Z
           M 6.94,6.00
           C 6.94,6.00 7.77,6.00 7.77,6.00
             7.70,6.19 7.63,6.33 7.56,6.52
             7.44,6.86 7.38,7.04 7.34,7.16
             7.21,7.22 6.83,7.42 6.37,7.69
             6.33,7.59 6.30,7.50 6.26,7.40
             6.17,7.18 6.14,7.11 6.08,6.98
             6.54,6.59 6.82,6.27 6.94,6.00 Z
           M 8.41,10.56
           C 8.77,10.93 9.00,11.43 9.00,11.97
             9.00,13.08 8.08,14.00 7.00,14.00
             5.92,14.00 5.00,13.08 5.00,11.97
             5.00,11.71 5.05,11.47 5.13,11.25
             5.44,11.49 5.83,11.63 6.22,11.63
             6.86,11.63 7.39,11.33 7.84,11.01
             8.05,10.86 8.24,10.71 8.41,10.56 Z" />
</svg>
