<?xml version="1.0" encoding="UTF-8" standalone="no"?>
<!DOCTYPE svg PUBLIC "-//W3C//DTD SVG 20010904//EN"
              "http://www.w3.org/TR/2001/REC-SVG-20010904/DTD/svg10.dtd">

<svg xmlns="http://www.w3.org/2000/svg"
     width="0.555556in" height="0.555556in"
     viewBox="0 0 50 50">
  <path id="rect1114"
        fill="none" stroke="black" stroke-width="1"
        d="M 12.50,10.00
           C 11.86,10.00 11.22,10.24 10.73,10.73
             9.76,11.71 9.76,13.29 10.73,14.26
             10.73,14.26 21.47,25.00 21.47,25.00
             21.47,25.00 10.73,35.73 10.73,35.73
             9.76,36.71 9.76,38.29 10.73,39.27
             11.71,40.24 13.29,40.24 14.27,39.27
             14.27,39.27 25.00,28.53 25.00,28.53
             25.00,28.53 35.73,39.27 35.73,39.27
             36.71,40.24 38.29,40.24 39.27,39.27
             40.24,38.29 40.24,36.71 39.27,35.73
             39.27,35.73 28.53,25.00 28.53,25.00
             28.53,25.00 39.27,14.26 39.27,14.26
             40.24,13.29 40.24,11.71 39.27,10.73
             38.29,9.76 36.71,9.76 35.73,10.73
             35.73,10.73 25.00,21.47 25.00,21.47
             25.00,21.47 14.27,10.73 14.27,10.73
             13.78,10.24 13.14,10.00 12.50,10.00
             12.50,10.00 12.50,10.00 12.50,10.00 Z" />
</svg>
